200
-576.75125924322
-13.581966305421247
-859.8759598941806
-430.10526107561304
-644.1098703863236
-69.99366582163736
323.5769873593754
139.72709115211978
-28.515617720908494
86.07634382321089
417.3074763182419
233.11979018716647
-164.04165618279444
-928.9012909693399
-730.8001305310872
-641.0728838172246
-216.76654381991796
228.22833764621464
-366.35861531751846
542.2934387199184
388.8335747826427
-385.3621268710019
-807.972425148048
757.9248462800056
796.8480078313194
-916.6513844313793
329.1487966942991
-413.6037281689196
922.203900973471
749.6894118426183
730.5246363323365
-33.53976696164773
-531.8518246959012
-51.95126913552019
389.6092283172129
771.4347631962667
986.2938031701608
977.9466097947279
496.5663234642129
-359.8630836049748
-506.471990837565
390.10783317615756
-727.81942253704
-193.9305270625864
694.3563784658975
770.2072606210072
696.733589166633
-328.6505870766714
-480.6901416951663
-327.24260970073726
-969.7501076802534
107.43839503181493
-769.1529403619597
786.8646821622042
-995.3670261455699
196.4127353983572
-847.2189738316489
633.3932431546505
-801.5356541953622
742.5053102462437
749.6822270043524
927.2131512232065
-774.4373461239383
-210.8085558796215
19.640117167921744
255.5120884120015
728.6312478114464
-696.1052182140211
906.1806752653383
183.86336073637358
-91.50691122617854
-443.21033558009674
465.8871467020838
732.552725626562
710.3978847653386
855.5224236116176
-770.148487168665
-433.3901563893829
-230.92107821248817
164.2372192048681
959.5324351561135
333.7842969950341
434.7802914249403
-426.55023244772724
-503.51167708411305
-164.45577693311384
563.2531415831265
-402.1466404383141
-727.5425764214143
-453.07817515403735
-115.55899032655952
-298.2454403610584
381.49996391312266
-877.2299484492183
165.21197336191722
20.95312020653023
705.4169767865483
-922.2164064365656
-791.5613787939742
608.2486130385582
732.0125138930657
-540.8656540135187
-562.3551361492318
572.3689899649057
-97.74788930046645
-839.9871482144756
-367.96694764495965
165.7059705654092
-534.0810209511873
27.59682361887303
-707.352188863084
-583.6265407658998
-750.4794515276076
263.0812622559715
-146.40127887898484
816.1210305493416
216.8866358208138
227.47520443038525
140.90904449473442
-788.0369586044758
-714.2422203133538
269.0431385883742
-187.48134948397558
123.37113241333327
819.8951049675177
-548.3291938033137
-663.0157255014133
176.78291369405406
720.8130077818703
108.34782966059629
-173.04553389250498
633.1791172813919
723.4455782486993
-986.48766822548
934.9416432948503
-753.218519790257
614.6070214062302
964.7668915849197
409.15049755126574
553.0532062377235
-860.3018620616763
-627.8746865755741
95.77759623933503
381.8805023489383
-637.2308186396817
473.7232685680726
-353.46989040432027
158.06120972852386
561.2096499593649
-240.1094678741182
933.6288661607698
-6.07176912713237
30.080268118026424
-939.3302143734712
660.5378200054527
986.6783359051126
-660.513884356858
-565.7640062914379
732.3482119075727
-571.5322875390274
252.81827691189596
-14.047477871686397
-250.95498335718446
149.99577824071707
250.77559188513965
-278.03111920671245
-606.723158513412
642.4427292097689
766.1760314583985
-756.7394223132502
-963.0892482630665
919.7940791756889
-365.51753549610044
-818.7330331107064
646.3056733331382
506.85552887553126
-442.21047614799124
-741.5825342698442
-392.1532015888289
-711.8851563067361
519.1945113383022
-849.3367931465758
227.82344253629776
502.25186774979284
-680.1183836239164
-80.50536147892035
193.8271736953825
-555.5265279125288
-602.3451323083633
548.4316046208546
-465.01483257322707
274.35036225276394
-884.7406081459561
-442.51075005680264
225.7378511687093
540.1863197874488
-450.7705587747017
-63.53170315243631
-213.16233488417447
-267.1080940904078
-187.22619604769682
-274.19795379948914
-100.8568916329557
-500.9693305308105
400.8792339443139
24.255451509329987
-295.573301473083
548.7828695136827
452.3282179416551
699.8009776673218
176.0750082180316
-504.7918129129618
-562.8457589387283
921.4647576930513
-503.64010472581657
-154.04637266791178
-513.3091869421173
-439.57366967011205
-438.57623683969393
-843.5472954520229
-366.9992996669604
416.06374996852537
-961.2492591461148
-932.3473172123051
-927.3606561067322
224.73796734483585
44.078619226656656
-952.0282660315855
-220.69786928937845
-990.2663468235103
666.9690736589951
-828.7530990259797
82.91306110328355
285.95235169233047
-901.424065754707
-279.0173326709156
270.7253084241736
-619.8207694970856
-398.4233017654785
-497.75063681118394
-441.51703330718203
819.8921446451766
212.58922243970596
590.062058284695
181.1013722354121
927.0199470686805
760.9585503215649
54.381630140014295
444.0682532256278
-811.0573795344513
-385.2060888227953
684.8128470924762
-240.23108972073737
-552.367555190644
525.3275286004393
-149.2195651651333
165.0357753021517
528.5984037356563
-890.4609292765577
496.0085288700973
-466.55670341628036
582.0501918276686
37.96782511947981
-958.7825858846188
759.9546705695459
609.3063431153282
229.0132865572964
878.9500273923034
-493.8419829224607
-192.54354921730692
-967.5342316712516
-787.40840119329
-706.6420296717082
985.9284704261675
549.3602042637106
639.3503032136
-382.02773764326196
503.7179076991381
-386.35507853004697
-25.925015881789818
909.377852384768
-17.852311271757685
-409.4933393387257
576.7217111785098
875.5296620978281
665.2526299639903
-441.79828986157713
622.9057546927397
-454.26380716001734
-261.2566651518829
-985.7019148550401
-206.54980347762546
468.0645207014163
-186.10648765102098
-594.1649672080757
29.21262552679309
-78.88372180583474
30.41069300776462
-893.2963247448413
385.544417295778
-889.0250505136778
-560.4404205127391
-498.13531966781954
-782.2810861971112
-747.5260947091374
-382.1231595565424
-110.24302725783014
-291.2086765009194
-986.2440378323696
536.0835001977493
-16.67736706015762
-534.0902255278237
469.8415605061275
146.26217206583374
928.7773561892363
-647.0538267595973
-372.3186398036627
531.1633718186865
-15.691587456158118
353.69814783061975
841.4035479526749
655.7925291220802
-522.3254093648263
246.76839768088007
-799.8838610466299
968.7434112502092
255.69080300858946
-175.31432844170718
-592.7231910195765
526.3875952559508
678.2809586693868
470.2540663849404
-52.51331022412933
511.1483828082264
447.43125886460894
590.9679836751295
163.26048685966998
126.70790790203591
-588.986431482768
557.2323830661351
-544.9174204571373
423.1539875801395
-98.55984486072339
-79.39778408074403
-587.0764127776098
-22.00749255602034
846.4188070862538
206.36959260579692
543.9154027062609
-411.29045694420483
-811.8087790994164
86.36160816318329
964.5799475694191
789.0801613111421
-979.0048364085933
-11.352504639901895
-459.83294322969505
172.35892428743387
-518.2715366690474
506.02396471152315
-70.7592293051922
325.17567962977023
245.08168554498752
639.3118150836967
824.0937855916841
60.13198647907552
220.2258390643119
-347.2579193606265
-902.6729357547822
814.0152156120275
-827.4649421257401
552.1646707165728
-865.1653406224642
597.3421134718212
-544.3017942373858
-533.1235560662775
-795.2086395187292
-149.47798747903175
148.42770239480865
-781.6920154454508
-628.0706551654072
632.6906118367083
-571.4494408490095
-515.0534684997068
-839.0762493268285
-143.80941556770097
-812.1356329603016
557.7673782419893
-908.3958637770488
685.7396732511206
-995.6529376113465
66.61850678037126
391.87328317816036
438.0808821874498
-50.63778536006885
-270.2380337641499
-953.3697234895227
675.567554835498
-835.9355234020392
-744.4318698587697
